8 255 -1 
+ 11111111  11111111  11111110     254      -2  0110
- 11111111  11111111  00000000       0       0  1000

16 0 9 
+ 0000000000000000  0000000000001001  0000000000001001               9               9  0000
- 0000000000000000  0000000000001001  1111111111110111           65527              -9  0110

4 7 15 
+ 0111  1111  0110   6   6  0010
- 0111  1111  1000   8  -8  0111

8 128 128 
+ 10000000  10000000  00000000       0       0  1011
- 10000000  10000000  00000000       0       0  1000

8 255 0 
+ 11111111  00000000  11111111     255      -1  0100
- 11111111  00000000  11111111     255      -1  0100

16 65535 1 
+ 1111111111111111  0000000000000001  0000000000000000               0               0  1010
- 1111111111111111  0000000000000001  1111111111111110           65534              -2  0100

4 8 1 
+ 1000  0001  1001   9  -7  0100
- 1000  0001  0111   7   7  0001

8 -50 250 
+ 11001110  11111010  11001000     200     -56  0110
- 11001110  11111010  11010100     212     -44  0110

3 3 3 
+ 011  011  110  6 -2  0101
- 011  011  000  0  0  1000

